    1.8736    1.1525
    0.1604    0.8276
    0.3617    1.9913
    1.0408    1.7706
    1.2965    0.9325
    0.1906    1.9356
    1.2402    0.3120
    0.7967    1.7650
    1.0780    1.0874
    0.8849    0.3675
    0.4985    0.5702
    1.0590    1.1197
    0.8303    1.8114
    0.6103    1.2995
    0.5776    0.5105
    0.7164    1.6118
    1.0779    1.1801
    0.4623    0.2039
    1.2893    1.9603
    0.2034    0.3757
    0.0188    1.6766
    0.9627    0.9371
    1.8171    0.8343
    1.0883    1.3980
    0.1581    1.0188
    0.9738    1.7118
    1.2288    0.2348
    1.2137    0.3284
    0.7981    1.0647
    1.7504    1.3181
    1.5753    0.2521
    1.0499    1.7990
    0.2182    1.2691
    0.1617    0.8225
    1.4253    0.2008
    1.6199    1.2756
    1.7961    1.2436
    0.8292    1.2951
    0.9785    0.1875
    1.2746    1.9005
    0.9528    1.2056
    1.1830    0.4505
    1.3369    0.3131
    1.5485    0.4261
    0.3382    1.4515
    0.5124    0.3255
    1.2516    0.5015
    0.5260    1.6879
    0.7948    0.2092
    0.3877    0.7261
    1.7491    1.1995
    0.5162    0.7169
    1.7751    1.8011
    0.8959    0.5377
    1.1076    0.3577
    1.7194    0.4640
    0.3362    0.0534
    0.6449    1.1103
    1.6491    1.6085
    0.0488    0.7430
    0.9837    0.9321
    0.0834    1.2340
    1.1561    0.5976
    0.8713    0.2733
    0.5994    1.5227
    0.0706    0.5390
    1.9925    0.8939
    0.3056    1.7725
    0.0628    0.2321
    0.5017    1.5193
    1.7966    0.4468
    1.3466    1.6376
    1.8979    1.7486
    0.7875    1.8739
    0.8738    0.3250
    0.6196    1.3622
    1.8681    1.8948
    1.1982    1.8977
    0.8080    0.0821
    0.5877    0.0639
    1.7290    0.8651
    0.1856    0.2756
    0.4839    0.4460
    1.7355    1.5284
    0.6894    0.7696
    1.1897    1.0702
    0.6671    1.7094
    0.5313    1.8679
    0.7797    1.3661
    0.5500    0.0559
    1.8812    1.0679
    1.3423    1.2151
    1.5017    1.9626
    1.4553    1.7146
    1.9837    1.5189
    0.2921    0.6526
    0.0576    1.3891
    1.9175    1.4581
    1.4735    0.3492
    0.7108    1.1493
    1.1125    1.4985
   -0.3770    0.6742
    1.3632    0.7521
    1.3532    0.6576
    1.2115    0.3472
    0.8780    1.6579
   -0.0479    1.5864
    0.1411    1.7165
    1.2470    1.3392
    0.9285    0.0619
    1.3777    1.0813
    1.3100    1.2096
   -0.3523    1.2551
    1.0925    1.5398
   -0.1751    0.2231
   -0.0526    0.1476
    1.3388    0.6191
    1.4014    0.9242
   -0.3723    0.4744
    1.3756    0.8120
   -0.0998    1.5352
    0.6598   -0.0417
   -0.0875    1.5605
    0.2068   -0.0271
    1.2812    1.3048
    0.8612    0.0229
    1.1627    0.2475
    0.3684   -0.0197
    0.6031   -0.0421
    1.3877    0.6329
    0.8409   -0.1829
   -0.4456    0.7288
    0.6820   -0.2928
    0.7943   -0.2432
    0.7648    1.2264
    1.1612    0.2744
    0.0049   -0.2608
   -0.0197    1.2337
    1.0768    0.9269
   -0.4515    0.2314
    0.5927   -0.3131
   -0.4445    0.1946
    1.1840    0.4530
   -0.4691    0.5771
    0.3368    1.3341
    0.8795   -0.1601
    1.0129    1.0150
    0.8072   -0.2210
    0.9492    1.0824
    1.1805    0.5282
    0.5448   -0.3264
    0.8787    1.1498
   -0.4192    0.8390
    1.1842    0.4672
   -0.3021    0.0038
   -0.1350   -0.1843
    1.1449    0.8251
    0.0553   -0.3084
    1.0927    0.8779
    0.2043   -0.3582
    0.1171    0.2985
    1.1073   -0.0659
    0.8978    0.5939
    0.4488   -0.3293
    0.3370    0.5744
    0.1253    0.0297
    0.5396   -0.3325
    1.1208    0.1052
    1.0443   -0.1698
    0.2869    0.5601
    0.9482    0.5625
    0.5958    0.6941
    0.2049   -0.1565
    0.5755   -0.3512
    0.1987   -0.1339
    0.8339   -0.2904
    0.2110    0.4303
    0.1197    0.1130
    1.0828    0.3523
    0.6262   -0.3297
    0.7086    0.6564
    1.1063    0.0914
    0.1278    0.0180
    0.1264    0.0415
    0.3168    0.5533
    0.6925   -0.3612
    0.8969   -0.3029
    0.2248   -0.1634
    0.1266    0.1994
    0.1892   -0.1405